0.022642279186781966 ,  0.24350649350649345
0.07547426395593959 ,  0.31168831168831157
0.1804922825865236 ,  0.35551948051948057
0.2958795131569998 ,  0.3847402597402596
0.40086353437138866 ,  0.4237012987012987
0.5372951655674165 ,  0.46753246753246747
0.6527163935540901 ,  0.5016233766233766
0.7786088257292447 ,  0.5357142857142856
0.8939960562997213 ,  0.5649350649350648
1.030359692663359 ,  0.599025974025974
1.1458149180662276 ,  0.6379870129870129
1.2821105595974713 ,  0.6623376623376622
1.407968994356429 ,  0.6915584415584415
1.5128850207384246 ,  0.7207792207792207
1.617733052288027 ,  0.7402597402597402
1.7330862854423068 ,  0.7646103896103895
1.8799211259944246 ,  0.7987012987012987
2.0162847623580613 ,  0.8327922077922076
2.142109199700824 ,  0.857142857142857
2.27837084381587 ,  0.8766233766233764
2.4042292785748294 ,  0.9058441558441557
2.530019718501394 ,  0.9253246753246751
2.6348677500509967 ,  0.9448051948051948
2.7397157816005984 ,  0.964285714285714
2.876011423131842 ,  0.9886363636363633
2.9808254572652477 ,  1.003246753246753
3.1275583055687775 ,  1.0227272727272727
3.2428775413068602 ,  1.042207792207792
3.368633983817231 ,  1.0568181818181817
3.5153668321207596 ,  1.076298701298701
3.6411572720473253 ,  1.0957792207792205
3.777384918746177 ,  1.1103896103896103
3.8926361596518677 ,  1.1201298701298699
4.018392602162237 ,  1.1347402597402596
4.123206636295642 ,  1.1493506493506491
4.227986673012852 ,  1.159090909090909
4.343237913918543 ,  1.1688311688311688
4.427075542258789 ,  1.1785714285714284
